[[-0.8322070187205292, -0.34346069973506854], 0]
[[-0.6194355494469946, -1.0644058863537673], 0]
[[-0.044395041970496325, 0.26698872246332994], 0]
[[0.01526734503926833, -0.5134272480871915], 0]
[[-0.03896997377370357, -0.5752289609579582], 0]
[[-0.020439928110988433, 0.39209466891126815], 0]
[[-0.009309083059041517, -0.642803180717464], 0]
[[0.19609107362323594, -1.0049620922799973], 0]
[[0.36517424504252205, -0.039093448268141553], 0]
[[1.2542016072060584, 0.8822268157847828], 0]
[[0.06673986028763668, -0.6126092679817782], 0]
[[0.3314523117107564, -0.46542225649289237], 0]
[[-0.39142806529948804, -0.4597022241421449], 0]
[[0.23762137079947226, 0.6041002745789326], 0]
[[-0.6691592338433918, -0.5296929053824929], 0]
[[1.0529082868718875, 0.237232573560577], 0]
[[0.059516368029636925, 0.8666988105117293], 0]
[[0.11564579912114, -0.527582643239591], 0]
[[0.3520659998824041, 0.34458434727711257], 0]
[[-0.9958979134057543, 0.3129350514580477], 0]
[[0.024784533066439095, -0.6722320279797229], 0]
[[-0.14846464650571706, 0.5403181241205363], 0]
[[-0.4584397537101441, 0.12913641625814473], 0]
[[-0.17778830141692828, 0.7353270338097389], 0]
[[-0.5609362121167413, 0.7653162587782506], 0]
[[0.6628533111029392, 0.3968155551563094], 0]
[[-0.41613661716299777, -0.289601476216107], 0]
[[-0.6448516031691589, 0.22000276528368434], 0]
[[-1.07620942197755, 0.39143622059940886], 0]
[[-0.26370254298524415, 0.8961214482814854], 0]
[[-0.13099403092173423, -0.41549353219570434], 0]
[[0.732123130132372, 0.4460087293521032], 0]
[[0.5485996199074353, 0.9435060652931025], 0]
[[-0.23786201571844953, -0.7329415879241236], 0]
[[0.47361980860085656, -0.6420355890100838], 0]
[[0.13336560322980553, 0.12049821534128975], 0]
[[-0.9533909489083741, 0.5309169475939756], 0]
[[-0.09626711625157308, 0.6077871946210429], 0]
[[0.010428777230580555, 0.4143595459364271], 0]
[[-0.07684655982684602, 1.025985279488899], 0]
[[-0.9561790935299748, -0.32134661404701337], 0]
[[-0.7305264190481514, 0.16971634124405505], 0]
[[0.5215971917456219, 0.039991324452349264], 0]
[[-0.03874464445112429, -0.8029955275701262], 0]
[[-0.10982990284610468, 0.44073281064519454], 0]
[[-0.48511851581713394, -0.6717943768247459], 0]
[[0.9170607094643615, 0.5706564415743324], 0]
[[1.1916758365799174, -0.024197130564873395], 0]
[[0.7643362804828141, 0.6054321057759247], 0]
[[0.3117726579574727, -0.5222969177235373], 0]
[[0.23010241785077534, -0.32587378951956636], 0]
[[0.0025162816072995457, -0.1876744136022055], 0]
[[-0.13532915043816637, 0.3218294881997981], 0]
[[-0.35494185388987626, -0.25562585098242635], 0]
[[-0.8962418309801902, 0.19383821387428288], 0]
[[0.8185056122235412, 0.738210601361674], 0]
[[-0.2532524813174714, -0.16429969084950463], 0]
[[-0.8984767240360091, 0.09391069433519579], 0]
[[-1.186511049763864, 0.5901395423397697], 0]
[[0.3981657717432501, 0.21490217985417318], 0]
[[0.04158179354886656, -0.5198083575251035], 0]
[[0.22573818117142075, -0.33713906044890946], 0]
[[0.613184012207971, -0.2743225387913747], 0]
[[0.653304101189751, -0.7419200896410648], 0]
[[0.2242197567418095, -0.4294532045587774], 0]
[[0.818037039474637, 0.6094068552707663], 0]
[[-0.3560632780806498, -0.1692550215320015], 0]
[[0.03322599299685465, -0.7183263482183088], 0]
[[0.07432228347989024, 0.16314289648225996], 0]
[[-0.14401638159155297, 0.026397804404847864], 0]
[[0.5305240291270642, -0.8207364907027583], 0]
[[-0.04332112755714051, -1.082177689960393], 0]
[[0.1616848080069048, -0.16004134226614655], 0]
[[-0.8656441747775601, -0.8897230091322262], 0]
[[-0.18737577700865138, 0.9615511655627108], 0]
[[-0.7096078458843718, 0.6445291997781999], 0]
[[-0.048344500177320525, 0.838517306632562], 0]
[[0.18979298756518875, 0.1562988719498569], 0]
[[0.46099991551121006, -0.20776499594440126], 0]
[[-0.750893930368832, 0.2321059415558445], 0]
[[0.3886267674091373, 0.005132154048267272], 0]
[[0.5719644372524376, 0.3890865691711906], 0]
[[0.018544140852746763, -0.9138210189274064], 0]
[[-0.6093921654118649, 0.29934703955495146], 0]
[[-0.06296667461310657, -0.15557552353833948], 0]
[[0.5661227911791646, -0.13011139265207886], 0]
[[0.6493388153470051, 0.11048450252628711], 0]
[[0.22478997509363768, -0.2576024022153432], 0]
[[0.3897826674829961, 0.9394135232138979], 0]
[[0.9422018599995279, -0.691291426865042], 0]
[[0.01078932626996814, 0.8797701389666314], 0]
[[-0.08760917897506933, -0.6643505147732174], 0]
[[-0.067273699708415, -0.15035105205913035], 0]
[[1.0694037152721652, 0.15862204294076182], 0]
[[-0.1684616420155671, -0.2918923115624162], 0]
[[-0.3042010657541499, 0.27925178716093413], 0]
[[0.2945410429021087, -0.9608807649111274], 0]
[[0.0006644381640929072, -0.023453113487393835], 0]
[[-0.19457015563976787, -1.1425140976653507], 0]
[[0.02037318681307474, -0.12428534218730186], 0]
[[0.31765011013564276, 0.027604256387181163], 0]
[[-0.4824895262143792, 0.15181438505006978], 0]
[[0.7031326959543437, 0.09312091216292637], 0]
[[-0.2396555781857055, -0.392456462462487], 0]
[[0.11980296532306914, -0.23002419010305605], 0]
[[-0.008464596218780296, 0.2111530479858854], 0]
[[0.3705798060825364, 0.650944709397516], 0]
[[0.0661260885832439, -0.5041889787791987], 0]
[[-0.2802323703591889, -0.4212001167125791], 0]
[[0.5304493439202411, -0.4793610984531916], 0]
[[0.38762843428004684, -0.5748485365333729], 0]
[[-0.39703468108636447, 0.09224781028307226], 0]
[[-0.2224253004530112, -0.050599763047532983], 0]
[[0.8581546981518601, -1.148008247971128], 0]
[[0.2606569497246582, -0.3705592279808517], 0]
[[-0.4189175396381151, 0.876469805883478], 0]
[[0.25352523596515647, 0.010458094215214086], 0]
[[-0.03936235941988013, -0.11784507192201481], 0]
[[-0.7961490081699905, -0.020364617910524456], 0]
[[-0.7721792722912332, -0.25364967899577145], 0]
[[0.18435638363926438, -0.06577982612469022], 0]
[[-0.602342365784705, -0.978367060235708], 0]
[[-0.8945319066890948, -0.1392681442223268], 0]
[[0.2494031116855915, -1.0467575365926431], 0]
[[0.10991802835357105, 0.35321569597265284], 0]
[[0.8053213579415042, 0.6943530439232289], 0]
[[-0.49444654555831524, -0.7256969805256865], 0]
[[-0.7036194095477833, 0.4220558064503366], 0]
[[-0.2826264647494464, -0.5157728905785883], 0]
[[-0.5780455917232459, 0.01819778058495735], 0]
[[-0.08950908759211702, -0.1497560139451035], 0]
[[-0.11658116120572322, -0.3620111050399485], 0]
[[1.5467602688200333, 0.6838846069925764], 0]
[[0.36350117238856144, 0.09781439926235835], 0]
[[-0.04677601161915602, -0.6352144394596525], 0]
[[-0.10166170418063925, 0.6305995104236851], 0]
[[0.22571444840237026, -0.4870680515705469], 0]
[[0.13219805060557752, 0.24470340054411255], 0]
[[-0.9450535520550569, 0.2788093691186491], 0]
[[0.38719407006940604, -0.06681945881589109], 0]
[[-0.8993000025584268, -0.3541140375972927], 0]
[[0.5274450690718967, -0.17359257610288922], 0]
[[0.9578324224903062, 0.8743942297143228], 0]
[[0.9173528995356292, -0.7529248882718735], 0]
[[-0.36024444125250804, 1.1039524466351784], 0]
[[-0.0018287535941892278, 0.07867058764877946], 0]
[[0.9415801820116169, -0.6730513390826893], 0]
[[0.2010152667633515, 0.5179656097908557], 0]
[[0.9914481255953308, -0.14535072321011477], 0]
[[0.03365600319656933, 0.28362415193855794], 0]
[[0.01676071254235156, -0.7054483758483279], 0]
[[0.8462043761750698, -0.2735615800712133], 0]
[[-0.35525222830754966, 1.016199621827569], 0]
[[0.23221777573557353, 0.13837743312015757], 0]
[[0.15121700012498077, -0.3925734221682111], 0]
[[0.4271056173453248, 0.08113848965002658], 0]
[[1.4839073310462307, 0.6303041999376922], 0]
[[-0.019387128216768437, -0.017682284712208916], 0]
[[-0.18702987822913622, -0.013497496027544948], 0]
[[0.18794127683341627, 0.34276591186094124], 0]
[[0.07052755402799821, -0.47427795105485765], 0]
[[1.616948041458391, 0.9102341002445095], 0]
[[0.02211495256239962, 0.9511930614333324], 0]
[[0.6226189138882616, -0.02231736742656653], 0]
[[-0.6295686566476731, -0.3924546883756119], 0]
[[-0.3149771858976007, -0.03592130779973376], 0]
[[-0.8136900217868003, -0.4216572518743786], 0]
[[1.0113253589551412, 0.0444558484599013], 0]
[[0.018041262982377883, -0.2812123252809047], 0]
[[0.33591362123502305, -1.0816316108368782], 0]
[[-0.8142903432214839, -0.21756236212495708], 0]
[[-0.48883736467316147, 0.22278382531224977], 0]
[[-0.3326694767825886, -0.5322597726759544], 0]
[[-0.4150643949655009, 0.037774454944643765], 0]
[[-0.6136768312692877, 0.7617100491947439], 0]
[[-0.6638175926010125, 0.5122878997623537], 0]
[[-0.9017806252708181, 0.054441691677063524], 0]
[[0.06787641387908003, 0.25523917626685255], 0]
[[0.3571650956941233, -0.6067825504966043], 0]
[[0.23268051945179635, -0.5080571851302942], 0]
[[0.22366994476428692, -0.6938936709192698], 0]
[[0.6443089163372366, -0.2493941794502728], 0]
[[0.24740769667319373, -0.9546620956710441], 0]
[[0.005033548239102087, 0.3230895132137662], 0]
[[0.8559804859730117, -0.2889312008197725], 0]
[[0.6963646850476316, 0.4908022884903906], 0]
[[-0.45878300367776603, -0.14470241901027242], 0]
[[0.02195101228961513, 0.22189191889352433], 0]
[[-0.1704923631518198, 0.07171755328942708], 0]
[[-0.9941487923666581, -0.3096427761668819], 0]
[[-0.38407609332173764, 0.38339022724557204], 0]
[[0.1431039752772203, 0.3824795438705979], 0]
[[-0.3617510679697824, 0.05789377249298555], 0]
[[-0.31966458544877896, -0.3041207315067336], 0]
[[-0.5712486751732715, -0.22311483947428531], 0]
[[-0.91874062969168, -0.5102564159613693], 0]
[[0.5672679408754113, 0.6049919441696695], 0]
[[-0.30993581364330586, 0.7113125966281706], 0]
[[-0.14500888268882003, 0.2942732671407573], 0]
[[0.06067782554391984, 0.1338673539993702], 0]
[[0.5149219283276519, -0.2820514772876613], 0]
[[-0.226748460237729, 0.8673476713040841], 0]
[[-0.289194341828701, 0.7658531387586894], 0]
[[-0.006852265843031189, -0.1728868769786019], 0]
[[0.5789954489269186, 0.13731044638642395], 0]
[[-0.3059519519373033, 0.5356865973305254], 0]
[[-0.2691603447337516, 0.11685767935890076], 0]
[[-0.5566547205206838, -0.014166980853989644], 0]
[[-0.6500475917504938, 0.8239714897059608], 0]
[[-0.3355891194747038, -0.6052256348335486], 0]
[[-0.20080107046735635, -0.5469495106870819], 0]
[[0.068853318545819, -0.11945639182647087], 0]
[[0.29447129493797974, -0.24530734770228033], 0]
[[-0.2108533638047615, -0.31308588818546385], 0]
[[-0.6160771776640555, -0.6629409012612218], 0]
[[-0.578470102565563, -0.4990683913329691], 0]
[[0.18894922463016578, -0.39891049002949897], 0]
[[-1.0969147454047086, 0.12073692957355234], 0]
[[0.24695994375780544, 0.13635462453891647], 0]
[[0.43634568699001747, 0.13392996022995768], 0]
[[0.5011758101273133, 0.7154073494223268], 0]
[[0.5020467243839803, 0.5878575043883083], 0]
[[-0.3124339793339178, -0.002154723499010365], 0]
[[0.7384694268855444, -0.48140344372881344], 0]
[[-0.5279503878876842, 0.4176655547676782], 0]
[[-0.0669739290875603, -0.40461027454202314], 0]
[[0.023621960678542563, -0.42286364909988977], 0]
[[-0.086717053145454, 0.6704429788594961], 0]
[[0.19666544514895012, 0.1966747015876592], 0]
[[-0.3081839957963629, 0.4692648315652914], 0]
[[0.42682141240916316, -0.0592807727280151], 0]
[[0.09342152042089417, -0.5201906018069021], 0]
[[0.5940090062658363, -0.1486416706985004], 0]
[[0.6462446715846629, -0.6256748059107717], 0]
[[-0.08158140146779035, 1.5679034770215097], 0]
[[-0.5574913504297148, -0.8170999517058584], 0]
[[0.4853940006295147, 0.1265240212804977], 0]
[[-0.5396534216726488, 0.27079042649620194], 0]
[[-0.2564196278464798, -0.3248788996036735], 0]
[[-0.44648673645941833, -0.14280439031534742], 0]
[[-0.619082861126895, 0.1947211704764301], 0]
[[0.4671968486319374, -0.09124547407767858], 0]
[[-0.5499712294428802, 0.5058034952180381], 0]
[[0.6882808647986899, -0.5725513241045457], 0]
[[-0.5081486602269034, 0.08348202584877701], 0]
[[-0.1760125981295526, -0.4442477844642512], 0]
[[0.20304022759651333, 0.4608468920679713], 0]
[[-0.5396816583824467, 0.6672279845324087], 0]
[[-0.16015798221448688, 0.09875690465937248], 0]
[[0.6826292117650492, -0.016032561476859206], 0]
[[-0.41777502151306395, 0.3789813190468487], 0]
[[-0.14025825692129812, 0.18004039851732342], 0]
[[-0.032404477395592, -1.1484284357719217], 0]
[[-0.5234934951373931, -0.05453329933558544], 0]
[[-0.38038818428994325, 0.4987745704228758], 0]
[[-1.2194370422582934, 0.1496668429856824], 0]
[[-0.49715521507016713, -0.14228707691443496], 0]
[[-0.3829394987164787, 0.4831249842831432], 0]
[[0.5127431753134489, 0.17130666437757244], 0]
[[-0.04025553872031522, -0.7805858904584687], 0]
[[0.8357946847013336, -0.3206059867948088], 0]
[[0.3441199319229205, -0.5593604689003808], 0]
[[-0.39692777936698387, 0.01359403911535572], 0]
[[-0.3655904240006274, -0.7038849645665725], 0]
[[0.9429667066264849, 0.26846655281606535], 0]
[[-0.22760458345891302, -0.17245207398330606], 0]
[[-0.7337944082103027, -0.1575250206223874], 0]
[[0.6435610086564787, 0.046891348908528134], 0]
[[0.10321407635460836, -0.36487917851734025], 0]
[[0.8554870670313962, -0.5404011762335905], 0]
[[0.31578438330410075, 0.9969967825769601], 0]
[[0.591097170841543, -0.9167844433355332], 0]
[[-0.40102861574784854, 0.32473038695343603], 0]
[[0.41257203999408404, -0.08790261726174788], 0]
[[0.5631233691236216, -0.12815670564595227], 0]
[[-0.37293408128812067, 0.34869310560692673], 0]
[[-0.23778262486803123, 0.2161891717868137], 0]
[[0.5926221752892851, -0.23657017617685602], 0]
[[-0.08233534502744609, 0.6475890889653234], 0]
[[-0.23425119185705692, -0.2556018481605999], 0]
[[-0.14119200131762252, 0.615842076783018], 0]
[[0.11326199567742543, 0.268492606091627], 0]
[[0.06053519459509289, 0.4697259326950681], 0]
[[-0.5504628608900742, -0.2590973478300723], 0]
[[-0.26381781956900335, -0.11576373661598949], 0]
[[0.4079743539093875, 0.6206821495524816], 0]
[[-0.3869855323631668, 0.2800318172560243], 0]
[[0.3906764307350887, -0.9737274268275595], 0]
[[0.4504083339950445, 0.11744742504049926], 0]
[[-0.04035124335499928, -0.35887291713641045], 0]
[[-0.24991599012052387, 0.23622385579694435], 0]
[[-0.5242980871472666, 0.21195787328041285], 0]
[[-1.0168075372601626, -0.5389246122844408], 0]
[[-0.676269157303636, 0.6568751532184629], 0]
[[0.5135145496895446, -0.708629862593723], 0]
[[0.3089074274767883, -0.6572896521564144], 0]
[[-0.18021031851686295, 0.010283397456898342], 0]
[[0.1453286612919571, 0.13870073394940222], 0]
[[0.3979211022121348, 0.582077201267611], 0]
[[0.00674209338403484, 0.5673247044457445], 0]
[[0.5816350208984662, -0.21516082659363073], 0]
[[-0.7827737114842692, -0.13152475524644994], 0]
[[0.941147409041482, 0.05871470084766042], 0]
[[0.33251796795280697, 0.4506859239895078], 0]
[[-0.8216290234683711, -0.19375982567666516], 0]
[[-0.44807216631874885, -0.6398839883393893], 0]
[[0.8212664629591488, 0.847818268633467], 0]
[[-0.529423053892238, 0.42324493843498495], 0]
[[-0.26167591511352367, -0.23221300725499158], 0]
[[-0.029536316257409184, -0.5964324673171087], 0]
[[-1.033055005330729, 0.5287378285121316], 0]
[[0.7650372250388763, 0.14457065789951257], 0]
[[0.3023308384624807, -0.5208272247074183], 0]
[[-0.28930602120606685, 0.35209866289680697], 0]
[[-1.1701612760995452, 0.12938465590276568], 0]
[[-0.29376846419089697, 0.896110478233499], 0]
[[0.7227897174344007, 0.21879219611229703], 0]
[[0.26044658916817404, -0.04362038813732468], 0]
[[0.33151319346268343, 0.005057042815612882], 0]
[[0.8829016470474954, 0.31176550035014056], 0]
[[-0.4235020225430826, -0.19901038465789825], 0]
[[0.8579747924757374, 0.2617995120647065], 0]
[[-0.7161348682059184, 0.012336425385182068], 0]
[[-0.3564592366153528, -0.06297185543907839], 0]
[[-0.01568157956499087, -0.3374552725033675], 0]
[[-0.28700491109473303, 0.7347501901317085], 0]
[[0.41740348256976634, -0.3095094040074788], 0]
[[0.1032435916594963, 0.2749031325958528], 0]
[[-0.2450205034736786, 0.8144972494010977], 0]
[[0.04811646032542453, -0.3818214398575803], 0]
[[0.5674195456411723, 0.3526813702598973], 0]
[[-0.07150309458979945, -0.08033095482238953], 0]
[[0.0660516875026573, -0.28616277100084225], 0]
[[0.20248044049727468, -0.40391163103873107], 0]
[[-0.0027455880844581846, 0.15311220913246976], 0]
[[0.7860830810354221, 0.20520976390847434], 0]
[[-0.10223516445386203, -0.5072552015277972], 0]
[[-0.4716973762309371, -0.03894587303372969], 0]
[[0.141383330375086, -0.440505118330131], 0]
[[0.3028391537071352, 0.30119898142658824], 0]
[[-0.3606537867415534, -0.07820067398546345], 0]
[[0.4932492510417955, 0.7414921271086942], 0]
[[0.11719302934138269, 0.16164868431418847], 0]
[[-0.2950242194215285, 0.638944048921943], 0]
[[0.022752936598479254, -0.5404393608542276], 0]
[[0.7567540667172656, 1.2215751104617691], 0]
[[-0.5784505386008689, 0.41801905819693974], 0]
[[0.31829747392592633, -0.872973955172384], 0]
[[-0.32646500267486045, 0.9489932710637519], 0]
[[-0.6737733045916021, 1.123253076040997], 0]
[[-0.1062788898709826, -0.28330701637174804], 0]
[[0.37376054128378605, 0.4376185980804068], 0]
[[-0.6094914092721638, 0.3197309452117124], 0]
[[0.10413946441075377, -0.6257828402774546], 0]
[[-0.15363906824765974, 0.039407885604822654], 0]
[[0.2354880338908346, -1.414577219187928], 0]
[[-0.44469024980595717, -0.3252361311653523], 0]
[[-0.6442492645436978, -0.034977775457774064], 0]
[[-0.02492405821074309, 0.05573825468213868], 0]
[[-0.26002720609029606, 0.47325481771758177], 0]
[[0.051496672552852646, -0.865245197685875], 0]
[[0.249569988474371, 0.692897365426713], 0]
[[-0.5990391882542918, -0.41685962457820946], 0]
[[0.4485737983208285, -0.30164957781440205], 0]
[[-0.9651571859061053, -0.3500517247936663], 0]
[[0.2698972511809077, 0.25132187898395036], 0]
[[-0.033514468830819065, -0.6691272791488854], 0]
[[-0.9103738324263325, 0.026245393904111194], 0]
[[0.4607139571577172, -0.11562305238388719], 0]
[[-0.572263062240231, 0.34761068820117086], 0]
[[0.4289156542487932, -0.27003465314030395], 0]
[[-0.3773429446636194, -0.320439370593656], 0]
[[0.6036920506461841, -0.07590029198537876], 0]
[[0.6293483702638095, 0.11895810693816451], 0]
[[-1.2724057360455625, -0.25591035589917], 0]
[[-0.4212308276359126, 0.5552959510359371], 0]
[[-0.7600913627347993, -0.43724242169873984], 0]
[[0.6058272323581539, -0.3336083403915699], 0]
[[-0.06291225202417282, 0.6470855724908106], 0]
[[-0.18993023072037724, -0.3212239069050733], 0]
[[0.7777031917724297, -0.3305929277099409], 0]
[[0.22865165479827132, -0.023542017433877845], 0]
[[0.2966980650698278, -0.13531746496369632], 0]
[[-0.856226483593852, 0.5023837340123255], 0]
[[-1.126195862980542, -0.18610260781416038], 0]
[[0.8847006932653094, 0.030001255084671417], 0]
[[0.0631528881908662, -0.37360979943424744], 0]
[[0.26808278973104355, 0.1211061121721484], 0]
[[0.2725435782818358, -0.04199683126286108], 0]
[[-0.07492461671907473, 0.008628767930317341], 0]
[[0.45447556512754167, -0.09956035122203365], 0]
[[-0.045991669076447236, -0.9874160884479931], 0]
[[1.2637236469650224, 0.11122912374154408], 0]
[[0.17828208933737347, 0.13861686911858878], 0]
[[-0.10172550187386167, -0.6434920964944078], 0]
[[-0.05323797056006208, -0.07864300469024468], 0]
[[0.009170989154635214, 0.29275395012066835], 0]
[[0.1664370453804953, 0.18959444925472904], 0]
[[-0.1255103385130763, 0.1701344879240674], 0]
[[0.25998587976912146, -0.19753583882202813], 0]
[[0.5118202754079705, -0.34561348808308673], 0]
[[0.6293049261269142, -0.8023626359327244], 0]
[[0.4221922612050533, -0.19344838227607358], 0]
[[0.6843141054022356, 0.7880118375632356], 0]
[[-0.30282333262920835, 0.48908320350326534], 0]
[[-0.7207882778759037, 1.218982137095568], 0]
[[-0.8768019556097851, -0.5946386218968168], 0]
[[0.25311814901606267, 0.01029325197060922], 0]
[[-0.8591976646875815, 0.48292554470955423], 0]
[[0.008684133701053764, -0.15059541078112249], 0]
[[0.21836083955405394, -0.1466361152102115], 0]
[[0.38607207062884247, 0.5299556986324558], 0]
[[-0.08580563709329661, -0.06851052139717333], 0]
[[0.0731626454625981, -0.061644006447926586], 0]
[[0.6874524485173091, -0.1858213035601389], 0]
[[0.9320737028211625, -0.6385736666469009], 0]
[[0.523107003637781, -0.16216692809948646], 0]
[[-0.5986278924262544, -0.23241922785946323], 0]
[[-0.4716460170456597, 0.10346235112060842], 0]
[[0.45641937162045654, 0.0892858956508818], 0]
[[-0.7730624764025036, 0.9972539347408668], 0]
[[-0.4665913664370954, -0.4535026633205252], 0]
[[0.8839560542107597, 0.22425774933656212], 0]
[[0.2590349867592203, -0.5681409495094335], 0]
[[0.4876749741539005, 0.06229246366571778], 0]
[[-0.01457800102238038, -0.4223872836467545], 0]
[[-0.19147682746774386, -0.08181207871933867], 0]
[[-1.0962519108547288, 0.03873155128787226], 0]
[[-0.311336971606945, 0.4629233634244448], 0]
[[-0.13814670971754545, 0.049841314635601174], 0]
[[-0.40986058198448233, -0.1598428711086195], 0]
[[-0.14910683237332598, 1.2304480358288892], 0]
[[-0.5351716187792382, -0.11363149312867307], 0]
[[-0.3360727427204179, 1.1901084698713695], 0]
[[-1.1661861428200253, -0.4190881582560529], 0]
[[-0.7661098121715176, 0.23707608417731843], 0]
[[-0.048857488075183746, -0.40498896326781475], 0]
[[-0.4663232773546392, -0.815253332558762], 0]
[[1.4541759580342017, 0.7597445447514776], 0]
[[-0.16614170685130367, 0.20909357072462817], 0]
[[0.16235389253159532, -1.0455435329868854], 0]
[[0.5959555501394839, -0.14707015513117938], 0]
[[-0.28266095955487824, -0.544905535517269], 0]
[[0.09293725533731775, 0.1383203492506294], 0]
[[-0.5862335895527775, 0.1298678339885243], 0]
[[0.18907604260733915, 0.4572895244604246], 0]
[[0.014062078000844311, -0.3733001786925204], 0]
[[-0.4734062140967298, -0.31654638605076857], 0]
[[0.27091559168585755, 0.4462193589942132], 0]
[[-0.2427317380256078, -0.40487031026536796], 0]
[[0.20630879936585741, -0.19231758484413472], 0]
[[-0.24619691642607186, 0.009959543707948167], 0]
[[-0.21172102801313245, -0.7639389766138525], 0]
[[0.5968781152060871, 0.4717021722939705], 0]
[[-0.053585949895784385, -0.37013568132106206], 0]
[[0.613333355895762, 0.26453489290703674], 0]
[[0.10573112449281556, -0.3170346840173846], 0]
[[-0.8307729417500758, -0.6516732560829177], 0]
[[-0.10988978635010517, -0.5415530956185469], 0]
[[-0.3507840987700294, 0.06172219195355184], 0]
[[0.002884541912522122, 0.02172199368706753], 0]
[[0.46926244854421684, -0.17359106391063925], 0]
[[-0.18834310301614987, 0.002469216277123296], 0]
[[0.2700252184813752, -0.37779891176747415], 0]
[[0.5194772247083229, 0.020243440696401355], 0]
[[-0.375617246053716, 0.2327130237199605], 0]
[[-0.2693185583698071, 0.12289235280495454], 0]
[[0.8746335204529097, 0.18181039141105254], 0]
[[-0.12004677911609613, 0.21544365240219443], 0]
[[0.142504978585377, -0.19541373191078007], 0]
[[0.20227831398693927, 0.010145865384050982], 0]
[[-0.34037477243576947, -0.4199080017562732], 0]
[[0.043405102120562124, 0.08346156699461249], 0]
[[-0.007653031256018833, 0.9897041250797509], 0]
[[-0.2827537582634914, -1.4329184395194714], 0]
[[0.11347879164352308, -0.20579464766635105], 0]
[[-0.4323500681674936, 0.6234664904873696], 0]
[[0.3303150510253932, -0.054482245942534036], 0]
[[0.10783911862743714, -0.5930586734535447], 0]
[[-0.05784491028357439, -0.7653083634194953], 0]
[[0.4604834833798413, -0.8074879454394812], 0]
[[0.006997157597307427, 0.22001732590860987], 0]
[[-0.39064401389466924, 0.25945777560441735], 0]
[[-0.5909044632195024, 1.1858981287416652], 0]
[[0.024234567545850436, -0.6878525288056648], 0]
[[-0.3460938946933535, -0.1548229612828869], 0]
[[-0.717942535843324, 0.19561076426801735], 0]
[[-0.21903615338548615, -0.012141886318996814], 0]
[[0.07162838032037389, -0.9156844567099546], 0]
[[0.07990321225875252, -0.0627227578068056], 0]
[[-0.7083963895972886, 0.2951406730946615], 0]
[[-0.5984879166007826, 0.253843551713648], 0]
[[-0.8918124219378025, -0.2973146063369645], 0]
[[-1.0590607026395693, -0.03159834172483872], 0]
[[0.43594203782094576, -0.47736482909590366], 0]
[[-0.16592419515000606, -0.11288775010132288], 0]
[[1.0121638487035707, 0.862916540247156], 0]
[[0.468323997487976, -0.458407372304338], 0]
[[0.17343067894751651, -0.3020544058130385], 0]
[[-0.06729973681554559, 0.05615983758184058], 0]
[[0.3755907505335582, -0.3137784652530564], 1]
[[0.5576147112315596, 0.9927371153388183], 1]
[[-0.3071919443686051, 0.4931296969343943], 1]
[[-0.15819588270560747, 1.1473241622864865], 1]
[[0.8467124547593694, -0.04548614172957299], 1]
[[0.7575934576937055, -0.13894969759764608], 1]
[[1.8331041303431066, 1.2092820572637955], 1]
[[-0.19764774838027166, -0.2918932319992871], 1]
[[-0.01000898689071339, 1.5956994549751928], 1]
[[1.2207560348915591, 0.2821120483214082], 1]
[[1.6007124802827917, 1.3087280705234952], 1]
[[0.00974539229177429, 1.274748864245196], 1]
[[1.7743485540889983, 0.48817706929135063], 1]
[[1.2962722802849629, 0.44844894308909755], 1]
[[1.36171071434543, 1.1483064872418223], 1]
[[0.4503936346669681, -0.18885278342005496], 1]
[[0.541704916012297, 0.37805719451874176], 1]
[[1.2720136814755687, 0.9218323088482046], 1]
[[0.9171637238345235, 0.9326191370030051], 1]
[[0.6870856032400525, -0.36615420448334435], 1]
[[1.7100165077607, 0.4824189620496425], 1]
[[0.0592399081595687, -0.058240629646092335], 1]
[[1.722081569684522, 0.2824689066899873], 1]
[[0.4077262481018029, -0.1685701711609353], 1]
[[-0.44934768663321467, 0.3418271615885485], 1]
[[0.23245397127871736, 0.7322774761936514], 1]
[[-0.04631255417595603, 0.9538343647919383], 1]
[[0.5933140838665534, 0.32497237519773037], 1]
[[1.02422674577776, -0.5088114816154423], 1]
[[-0.41377170576263, -0.10180607001674769], 1]
[[-1.0500683085191327, 0.645652969337466], 1]
[[1.3509669217824507, 1.6921260229121717], 1]
[[-0.16667959440392177, 0.6419936392559634], 1]
[[1.5003980880698227, 0.11672470522239342], 1]
[[0.450357150836026, 1.3441151144439465], 1]
[[0.15754573507850878, -0.36905823581827546], 1]
[[1.9561003257208465, 0.6933412245099466], 1]
[[1.6100688152633555, 1.5053755779005784], 1]
[[1.4963040975935964, 1.901552358790727], 1]
[[-0.6033494109184332, 0.6957065336693472], 1]
[[0.4586485854072193, -0.015038336287330756], 1]
[[1.277915523298724, 1.2278140669544033], 1]
[[0.48349453389580777, -0.030720296564535565], 1]
[[0.3311560650607613, 1.369861410741224], 1]
[[1.726873691230336, 2.5786837596670775], 1]
[[1.2566433906627765, 0.7666589921137814], 1]
[[0.7689476140590341, 1.2823299035360698], 1]
[[0.5307005617492164, 0.5422673527328126], 1]
[[0.7523858502181924, -0.06030658877570816], 1]
[[-0.637995695241713, 2.0327710870971893], 1]
[[0.849836207309277, 1.145094123651226], 1]
[[-0.5721628792363893, 0.5075432780961646], 1]
[[1.300699584208167, 1.0044145005448795], 1]
[[1.0476730912528394, 0.11955617881282943], 1]
[[2.2814530893777705, 2.7197446437888786], 1]
[[0.13779258368948777, 0.8617558123335589], 1]
[[1.3157804706876046, 0.7922134683383824], 1]
[[1.2503465120209023, -0.1940979386884515], 1]
[[0.6490189704432683, 0.5121388000996793], 1]
[[2.3481287621082965, 0.2176300489074245], 1]
[[-0.012311219015232355, 0.9713500611581358], 1]
[[0.6615151389748598, 0.7186191520744001], 1]
[[1.0478441918336459, 0.7348316226213997], 1]
[[0.4314456877744501, -0.14231158992856552], 1]
[[0.8657653005192207, -0.2691412480365911], 1]
[[0.3139798012937609, 1.517721652699072], 1]
[[1.1410090708984333, -0.4264920535902943], 1]
[[0.1271507490543543, 0.6167903273161847], 1]
[[1.1804349018825988, -0.0049336830154617095], 1]
[[0.23615843102470813, 1.841051024608116], 1]
[[0.8403938596825494, 0.2835190783533789], 1]
[[0.760571567630685, 1.5672176464384162], 1]
[[0.7507239579672723, 0.807364856459346], 1]
[[1.1606319156344074, 1.1416411890974112], 1]
[[-0.03931396835140055, 2.0802650264905047], 1]
[[0.4604298102625068, 0.3689197423563318], 1]
[[-0.14451563290954828, 1.1845853552123178], 1]
[[-1.3305408262354008, 0.6107993873484315], 1]
[[-0.6314151786581423, 1.8243865096989207], 1]
[[0.659182934428894, 0.7745150230126486], 1]
[[0.6980430370604576, 0.5366757733824965], 1]
[[1.7632494197394382, 0.7375415170395067], 1]
[[-0.18574472457937063, 1.42060351757653], 1]
[[0.7991112312570465, 1.6760252077988214], 1]
[[0.34703723440356227, 1.911880684264507], 1]
[[0.1302648021263011, 0.9140204138472385], 1]
[[0.5302885102718432, 0.7355536014127484], 1]
[[2.5802989385901114, 0.7226751617700038], 1]
[[1.534370237679152, 1.3134886935580867], 1]
[[1.2538583783159156, 1.3191661633595357], 1]
[[1.0536168943772235, 1.1765594402549777], 1]
[[0.017669216396230425, -0.0642316730292386], 1]
[[0.9548902270241114, 2.5660730273924077], 1]
[[1.1742144398632697, -0.5934527583250644], 1]
[[0.39650663268639097, 0.7678372269736014], 1]
[[1.3779516265380227, 0.21104973037771985], 1]
[[0.9975991139023423, 0.03547631799299711], 1]
[[0.7068195563515762, 0.8196196370303861], 1]
[[0.21894174769142627, 0.35498144371468165], 1]
[[0.4116188513764184, 0.11924620595089275], 1]
[[0.3828538284425703, 1.265816326333342], 1]
[[1.6206433522975774, 1.235331864366589], 1]
[[1.1553055295517274, 1.145629940360633], 1]
[[0.4191847855328221, -0.9277996666819879], 1]
[[-0.06667611019404329, -0.3749945656966869], 1]
[[0.7349226869755185, 0.37234243882980783], 1]
[[1.0514843499748223, 0.49267233291070656], 1]
[[1.4878907350936015, -0.616698573416872], 1]
[[0.20653487717806052, -0.6699008139169369], 1]
[[0.9260586832078881, 0.09349867529671174], 1]
[[0.9867264751565425, 1.3873421529226975], 1]
[[-0.11216766730444871, 0.23028496600240145], 1]
[[0.3967428470577632, -0.2535012008705867], 1]
[[0.3680206317796854, 0.2813156205795264], 1]
[[1.2898895493860094, 0.3696696226325426], 1]
[[1.3564688231582, 1.0610143593952401], 1]
[[1.313411249784753, 1.4003557337628896], 1]
[[1.4583939023973054, -0.6472927714325436], 1]
[[0.5240574566304692, 1.5418767070448922], 1]
[[0.4914013231231235, 0.30187540576953437], 1]
[[0.554561714277554, 0.9149789672328672], 1]
[[0.7511568287007736, 1.6243533674447637], 1]
[[2.899714906311633, 0.7251910680533358], 1]
[[1.6213896995336718, 0.04086448148502053], 1]
[[0.5596066240174016, 0.46404594766859814], 1]
[[0.4101225667554401, 0.7105645499044263], 1]
[[1.0654737050441554, 0.08593050402173419], 1]
[[-0.13061866778488196, 0.8756445039789834], 1]
[[0.29614153226617357, 0.9069637331548172], 1]
[[0.6522740673338047, 1.0928254598519735], 1]
[[1.283525697040348, 0.2557187250431531], 1]
[[0.6216759078802624, 0.3781150419692363], 1]
[[-0.7261798109645385, 0.4353062739932339], 1]
[[0.9092562639073423, 0.09890861027840325], 1]
[[1.7916957314185251, 0.5894559838509839], 1]
[[2.3838177776866885, 1.1397020724669131], 1]
[[0.4625102009047037, 1.8911319766329406], 1]
[[0.7540497632151862, -0.2994971461573366], 1]
[[0.7958934799365154, -0.10944904529692812], 1]
[[-0.4097889323368915, 0.9004260411965768], 1]
[[-0.03381057843377999, 1.1731312022464184], 1]
[[-0.004413560817786766, 1.3327545927695308], 1]
[[0.27924098338335107, 0.3876885376573296], 1]
[[0.6036834576448726, 1.0056805317788822], 1]
[[1.211032938756992, -0.06922434366603136], 1]
[[0.9668237013171055, 0.7438144828727848], 1]
[[1.78712268366719, 0.10760074673195608], 1]
[[-0.06028498929985959, 0.30698226827079345], 1]
[[1.4082349882826217, 0.35887287575090376], 1]
[[1.6766717724876727, 0.5484446634608158], 1]
[[0.784335696519121, 0.30379265376959363], 1]
[[1.319495466025344, -0.533445566196804], 1]
[[1.0814071875901619, 0.24526017569333247], 1]
[[-0.6933103801746168, 0.12762324183132767], 1]
[[0.5868728985026113, -0.15618397616688873], 1]
[[0.1457526736917386, -0.6063626364415313], 1]
[[0.7052075338648318, 0.6605171043545409], 1]
[[0.7620470367247403, 0.07231853654111153], 1]
[[1.2295307845613606, 1.5089110043068392], 1]
[[0.40930694712771715, 1.5963649021781077], 1]
[[-0.6767802896118307, 0.569977846246644], 1]
[[1.2038331023389552, 0.403454087295775], 1]
[[1.690959839073901, 0.8045910521530266], 1]
[[-0.48854884601558424, 0.5234129810173491], 1]
[[0.6327122918323216, 1.1075767235872365], 1]
[[0.029538807262276978, 1.127703407621286], 1]
[[1.591286373360699, 1.6629779443437003], 1]
[[0.9655077611654497, 2.0866673405249667], 1]
[[0.6779695972535668, 1.433014687212284], 1]
[[0.7901306534979451, 0.49970156533347687], 1]
[[1.0224849196979895, 0.5981902322555158], 1]
[[-0.43688897778622393, 0.1425509315911223], 1]
[[1.4044734973264972, 1.4405270371063714], 1]
[[0.655982268275265, 0.6655998900957963], 1]
[[0.8392770738340619, 1.2998475734652672], 1]
[[0.40065844732395406, 1.434864575870169], 1]
[[1.330058485954221, 1.305026086908376], 1]
[[-1.2891887228476164, 1.3306624126683313], 1]
[[0.6343494134490116, 1.571109801362972], 1]
[[0.4856162453460563, 0.6227026713005145], 1]
[[0.7014107202429348, 1.839186369600533], 1]
[[0.7737972562894292, 1.0656894535464885], 1]
[[0.633812693611204, 0.767668525929781], 1]
[[0.5542645039249479, 1.3850177132922301], 1]
[[1.27790593167771, 1.1188644846243134], 1]
[[0.4793375241036185, -0.6935675963006909], 1]
[[-0.706532459441567, 0.04100235684329423], 1]
[[0.5270012790522228, 1.1402193584797486], 1]
[[-0.1032956798955934, 0.8374583411184542], 1]
[[0.3940230243313801, 1.0290151361388546], 1]
[[-0.4922973505813528, -0.12736444770984445], 1]
[[0.7499519517235389, 0.936695296861986], 1]
[[0.1395201052564492, 1.1103795346301413], 1]
[[1.1681867757916797, 1.6819684313242216], 1]
[[0.9030119949806811, 1.0644663073580678], 1]
[[1.0392847991406253, 0.6850928215286017], 1]
[[0.9759003759657563, -0.232846640672272], 1]
[[0.7365385957709407, 1.6698830182508115], 1]
[[1.522691825307675, 2.4297866653064997], 1]
[[-1.0205777635141582, 0.28283346687289596], 1]
[[1.6114178153871102, 0.30175798228090334], 1]
[[-0.0771832669160385, -0.5427100738310431], 1]
[[0.8601554468212889, 2.163263593868643], 1]
[[1.079182343708572, 1.1698409343841298], 1]
[[0.3682917369795998, 2.1712252257874107], 1]
[[-0.03662381347655841, 0.5305801337934385], 1]
[[1.0887989852717932, -0.03396564926634904], 1]
[[0.4350833414127428, 0.44234389761776144], 1]
[[0.40261248277078154, 0.7541669473281442], 1]
[[1.4618377317250975, -0.1409467189812963], 1]
[[0.7018941964246034, 1.620853779500019], 1]
[[0.5363239129147175, 0.6780969672606133], 1]
[[-0.30119889521321874, 0.29408801045940186], 1]
[[1.7691354646045478, 0.6892037822489433], 1]
[[1.8035664065244972, 0.06367335433942911], 1]
[[-0.3630418613817301, 0.09562385557751141], 1]
[[1.0008877840142039, 1.4518342767020038], 1]
[[0.5685075113792468, 0.7961900343358792], 1]
[[0.706409638798158, 0.3269248125665503], 1]
[[0.9017029063212186, 1.7096875795760949], 1]
[[1.430619029576408, 0.5727212199242865], 1]
[[-0.057127103338888485, 0.92026473479013], 1]
[[-0.28965926301044387, 1.5099505612825026], 1]
[[2.0068491489541227, 0.5875024065245078], 1]
[[1.3450549028600451, 1.179299251789923], 1]
[[-0.36182859558838176, -0.14992301297270327], 1]
[[0.15612585182214245, 0.7298971344791135], 1]
[[-0.38498584380361733, 0.5791149058549904], 1]
[[0.7474001023249183, 0.5206006279870731], 1]
[[0.6118584650073499, 0.2947094302156083], 1]
[[1.1413976279550015, 0.8431828975130069], 1]
[[-0.5884674039788502, 0.8761221366100937], 1]
[[0.6017730028920935, 1.1743933930974593], 1]
[[-0.2522425225145545, 0.27053232370342356], 1]
[[0.49891535545867594, 1.21226192364992], 1]
[[1.4316688043472012, 0.27863851253854766], 1]
[[-0.21427507750901864, 0.7178851014983846], 1]
[[1.464088400789501, 0.696728922075317], 1]
[[1.3929620135563705, 0.28456204271726776], 1]
[[-0.0720457772087455, 0.8658932299532538], 1]
[[0.6620300922407995, 1.3068379651602795], 1]
[[1.514225607160918, 0.877444163545421], 1]
[[1.1386751857992077, 1.291441785233801], 1]
[[-0.006958946855637027, 0.6090904522104003], 1]
[[0.9558266419716774, 1.067477469070261], 1]
[[1.3263910980686573, -0.3365826105828831], 1]
[[1.0833018861371528, -0.05904617407684254], 1]
[[-0.9679402007788771, 0.47101444723378183], 1]
[[0.42882565959990165, 1.213138623377224], 1]
[[1.289519548818852, -0.006167163410982668], 1]
[[0.5855695273470792, 1.0281830658005116], 1]
[[1.5058004703775505, 0.44119986379815773], 1]
[[0.020988099919221126, 1.2329766779308264], 1]
[[0.6477376268976203, 0.5216083419935351], 1]
[[-0.852746289134688, 0.10772547571084501], 1]
[[2.2704353388165535, 0.6357469753478914], 1]
[[0.2896544534520661, 0.6206662576042845], 1]
[[0.8187534824540658, 0.7560947727753925], 1]
[[-0.3718689807510589, 1.9279166412218989], 1]
[[0.2599936971474232, 1.2388496141061442], 1]
[[0.6770909964762992, -0.2458704792168106], 1]
[[0.9329641258451905, -0.3935971221822736], 1]
[[-0.9674080884128233, 0.8774302791455442], 1]
[[0.6033361940852899, 0.9888687394245561], 1]
[[-0.27370419564611526, 1.1175238133084069], 1]
[[1.0179538384137505, -0.1222598335575914], 1]
[[1.3312752275273991, -0.13814187286994672], 1]
[[-0.0484598752196983, 1.7273659501633265], 1]
[[0.8330152191352791, 1.3588225139082857], 1]
[[0.8873878360282331, -0.4813837240740937], 1]
[[1.7976605859474073, 1.3390247885009496], 1]
[[-0.4419791749096882, 1.3010826159003506], 1]
[[0.6277107221715499, 1.15909423475655], 1]
[[-1.5528227079574084, 1.0026979194440058], 1]
[[0.23801258957472354, 0.48844153176651106], 1]
[[0.660966027815112, 0.910128638026109], 1]
[[0.11833120469603464, 1.0809730408303382], 1]
[[0.7458408918122417, 1.8500446299298534], 1]
[[0.5336964474751169, 0.949376102371354], 1]
[[0.32957816040338556, 0.5989383375539368], 1]
[[-0.12881847245411437, 1.2696388789753135], 1]
[[-0.18825853352329402, 0.7508443743947424], 1]
[[-0.20016437173730528, 1.2521225615360456], 1]
[[-0.4779686122508222, 1.316520304445449], 1]
[[1.2234647133731564, 1.2234048842547618], 1]
[[0.2852546196843011, 0.44817743282846684], 1]
[[0.6157398383875379, 0.4155208106859002], 1]
[[1.3486862173726615, 1.3660177241345681], 1]
[[0.5322042388531741, -0.5057975243804489], 1]
[[0.09162243237178169, 0.2641729049364947], 1]
[[0.34223857386508744, 1.8543672505845732], 1]
[[0.712357565978191, 0.04221089085407925], 1]
[[1.513779486536713, 2.3204059619668604], 1]
[[0.947890154309346, 0.042520842040735585], 1]
[[0.5949799193848901, 0.22285746844222587], 1]
[[0.04464758536899349, 0.32090750868459733], 1]
[[0.860575325304764, 0.15464689179278623], 1]
[[-0.2109568103772287, 1.1448831724037203], 1]
[[1.20305313246627, 0.42916515901838176], 1]
[[1.4015436424780954, 0.12419629035073965], 1]
[[0.4260325594075314, 0.013290941298135461], 1]
[[0.778544156123208, 0.8764913659661117], 1]
[[0.5253385777843635, 1.683939372098025], 1]
[[0.37301139194993743, 1.1458465345521769], 1]
[[0.9065347315165161, 0.7609696951202125], 1]
[[1.4807886733967877, 0.9231712916365669], 1]
[[1.0865490339885426, 0.5858328874291149], 1]
[[0.7430161347681352, 0.6798071035469484], 1]
[[1.407598826571495, 0.8965453769477604], 1]
[[0.7130242426504312, 0.433531262635077], 1]
[[0.9393048299231381, 1.123241786043398], 1]
[[0.7539142282088989, 1.329268563388628], 1]
[[0.7356185531795024, 0.6350123942974852], 1]
[[1.6405937430680821, 0.7805571655844455], 1]
[[1.1866897205141098, 0.15714507232743702], 1]
[[0.5042767024196569, 0.8763583242023152], 1]
[[1.156604783955629, 1.2469434821988623], 1]
[[1.1876232962433866, -0.16527992141118386], 1]
[[1.5550380534207435, -0.6535967475120474], 1]
[[0.7602857225844526, -0.7111467151412221], 1]
[[1.7253286575760494, 1.544644125415103], 1]
[[0.7796765245260804, 1.0709667115829047], 1]
[[-0.22405110522946103, 0.18370541525642348], 1]
[[0.22553293208719388, -0.3454031523897756], 1]
[[-0.7959638028701603, 0.8424675265736014], 1]
[[1.151052265731235, 0.7091378619695441], 1]
[[1.485267800340543, 0.4436352643987408], 1]
[[-0.014873942198065038, 0.8896489033542669], 1]
[[1.5051900333492263, 0.3537897670374232], 1]
[[0.9359062477598954, 2.675892533365091], 1]
[[0.9048392870828458, 0.5802435115612716], 1]
[[1.8894056943961, 0.20798429295460047], 1]
[[0.05772566602553053, 1.3576015759437259], 1]
[[1.7003506943122986, 1.296848429007993], 1]
[[1.6227185932087285, 0.5407302857353634], 1]
[[-0.6740835646844205, 1.4703202805568165], 1]
[[0.3982324945929264, -0.01784854405970815], 1]
[[1.330238481400451, 0.8763088555173815], 1]
[[0.6337391432431984, 0.7482749692512833], 1]
[[-0.05029174774094225, 0.6343794120842734], 1]
[[0.9787332096786505, 0.702006876485617], 1]
[[-0.3163645487782838, 0.6412878620219766], 1]
[[1.2002117115346782, 0.7871104751176907], 1]
[[2.0557041655933164, 0.8699799917161954], 1]
[[0.2194196984390976, 1.851315170170541], 1]
[[1.0289263522875647, -0.0637632511333538], 1]
[[0.6889492725569241, 1.2648564983624813], 1]
[[-0.6504210185189709, 0.0014939771499163923], 1]
[[1.3235587997605025, -0.10119260710412292], 1]
[[0.6773708396088693, 0.031787057138339514], 1]
[[1.7785672387258644, 1.699197904295111], 1]
[[1.1381675437767793, 0.5409586656691177], 1]
[[0.778607646562566, 0.5208355717823963], 1]
[[1.3405052891595872, 1.653291746451617], 1]
[[0.02049346951390696, 0.6013217042193971], 1]
[[-0.14367944087849738, 0.7378864189389683], 1]
[[0.22244212814562614, 0.021457761644623208], 1]
[[0.6644449438716816, -0.6234545779924441], 1]
[[-0.15605046741782402, 0.8196528769723948], 1]
[[0.4522599718175009, 0.47473530212817716], 1]
[[1.7340298092970081, 1.8031605309034706], 1]
[[1.528187480037078, 1.967304719646321], 1]
[[0.8305892451060402, 1.3661921864726974], 1]
[[1.6447586528688527, 1.6073135967468113], 1]
[[1.61816325410738, 0.4648551275112102], 1]
[[1.0446330153275896, 0.3913707907653778], 1]
[[1.8673888604707505, -0.3930566809520406], 1]
[[1.451246337635321, 0.8443861867330519], 1]
[[0.6726983583191084, -0.15531657424025536], 1]
[[0.9174317223877496, -0.318431754885933], 1]
[[0.7151210503184557, 1.9989220081323298], 1]
[[2.5381473643894954, 1.280940169021096], 1]
[[1.1841719572635252, 1.196830848241183], 1]
[[1.5630400535997941, -0.8156115108292197], 1]
[[0.49019808556145994, 0.18284911705877016], 1]
[[0.3831648870972365, 1.0614012028984323], 1]
[[0.522380832239322, 0.07055910064657755], 1]
[[0.17086924114350988, 0.3526410447268224], 1]
[[0.3679985915606812, 0.16471370660540963], 1]
[[0.5948666496735311, 0.30724919166574477], 1]
[[0.4893276171481678, -0.06494674089964658], 1]
[[0.1672617259613206, 0.11490300623631589], 1]
[[-0.2905448314360979, -0.4066280976307799], 1]
[[1.7943998215098125, -1.0892991984515301], 1]
[[-0.03896179119633303, 0.33443405811503385], 1]
[[0.6361673758944788, 0.5976599829265404], 1]
[[0.8941683136878644, -0.3293388042726715], 1]
[[0.8785978620195964, 1.360352775253277], 1]
[[-0.014683293383177864, 0.16369573741788157], 1]
[[1.7852425766159994, 0.3846160394058119], 1]
[[0.7403633374970389, 0.5358675228095593], 1]
[[0.438271973616143, 3.0311505964908187], 1]
[[0.07190627432857477, 0.9802109312001439], 1]
[[1.1644888735129464, 0.08018834224879745], 1]
[[0.916325939364854, 2.0015800716954413], 1]
[[0.15286884415723911, 1.3972345672806923], 1]
[[2.027470994862404, 1.3227018587425627], 1]
[[0.5473585362883914, -0.34799516361733485], 1]
[[-0.45841648369623056, -1.022705291365753], 1]
[[1.4934927095514645, 1.0329165317583113], 1]
[[0.7285512691814688, 1.7926640292938099], 1]
[[0.9296726735182255, -0.5835578535973691], 1]
[[-0.06393315930797239, 1.0582864277955926], 1]
[[0.3862649111691722, 1.388078293365599], 1]
[[0.1766564689728488, 2.1843213862467277], 1]
[[0.9151248328922494, 0.37280443879834047], 1]
[[0.8145559287794448, -0.14797476363930973], 1]
[[1.263330897735737, 0.5726042102522253], 1]
[[-0.6721193020716014, 2.0681792644407326], 1]
[[0.5519910234806036, 0.2308758513398234], 1]
[[-0.2829252137416518, -0.35314741338280187], 1]
[[0.3193419174654634, 1.5937207677715952], 1]
[[0.48297119487135864, 0.15784933491592157], 1]
[[1.8196136419434912, 0.4500512263394675], 1]
[[1.393129255159588, 1.2156686778591514], 1]
[[0.3364854011333051, -0.019776203672191905], 1]
[[0.8527802325104912, 1.1262737577454536], 1]
[[1.0706919435159867, -0.3087206251853831], 1]
[[-0.6853263627575861, 0.20559431231867592], 1]
[[-0.032599968978638816, 0.25122606439218326], 1]
[[0.7633014107112407, 1.7063805882015521], 1]
[[-0.6549583421972374, -0.29341707994445676], 1]
[[0.21182945901278655, 0.8759220231318774], 1]
[[-0.7860105169483023, 0.15369080917647215], 1]
[[0.5868868489736164, -0.8874254820989671], 1]
[[0.1290550712676405, -0.4763129144153484], 1]
[[1.3492694971899581, 0.5676150284706288], 1]
[[1.5520485868251348, 1.412092390701318], 1]
[[0.9376004186902114, -0.28948355474969634], 1]
[[1.5792584400437426, 0.15746158679253341], 1]
[[1.0124971418851665, -0.24200168782447273], 1]
[[0.7698984909247496, -0.2787400507508203], 1]
[[0.7134483466770191, 0.21334592673148628], 1]
[[0.7914790595566996, 0.16539683274989891], 1]
[[-0.10076302991805286, 0.3473887650191007], 1]
[[0.9358062960495922, 0.3605115095943221], 1]
[[-0.801259134844803, 0.6676685811604023], 1]
[[-0.25605016575452755, -0.12251396173108187], 1]
[[0.4875922616662303, 1.4673340869252534], 1]
[[-0.4919678423216638, 0.8260084608721845], 1]
[[0.7118478674431924, 1.4139362252645737], 1]
[[1.1593622995492372, 1.7459950834387172], 1]
[[0.40329391245669166, 0.4758680283400759], 1]
[[0.8303371395018198, 1.7800657834477496], 1]
[[0.7572825893380148, 0.7984515568512596], 1]
[[1.2421350050741677, 0.5683203044784513], 1]
[[1.471764643442115, 0.551316202217704], 1]
[[2.239370696209497, 0.694715750800494], 1]
[[1.2793726041626297, -1.174011912208715], 1]
[[1.6060476430507054, 0.8124945228068431], 1]
[[1.0842805424521416, 0.8000002212778405], 1]
[[0.8845470341919464, 0.7131433123114942], 1]
[[1.3433164076712916, 0.45122451946095243], 1]
[[0.6859928376149363, 1.382745372932641], 1]
[[0.06306217053182495, 1.4179419604437802], 1]
[[0.3342494521672983, 0.9285473056819267], 1]
[[-0.548455040186502, 0.9660036721878037], 1]
[[0.6601154613288421, 0.6721864878726292], 1]
[[1.1113044670715582, 0.7406293299014396], 1]
[[0.6998615969601113, 0.8324374888073288], 1]
[[0.42066038287386354, 0.1213639009108961], 1]
[[-0.7582647324537777, 0.5594180041206587], 1]
[[1.907083528741283, 0.7540385874358586], 1]
[[-0.16645786550012975, 0.25916202256295295], 1]
[[2.091067776413002, 1.9714141720340845], 1]
[[0.41584864978953234, -0.5396742645791828], 1]
[[1.0166303104081318, 0.9725414059876963], 1]
[[-0.08700832700633243, 0.038989802037611265], 1]
[[0.7390856975715264, 1.1160165668409554], 1]
[[0.6091780798384383, 1.3884798510799237], 1]
[[0.9835388908562217, 2.6382042573490527], 1]
[[0.7452477608881886, 0.8629269030473318], 1]
[[1.3420159008958101, -0.04141207023766236], 1]
[[1.4438007201968361, 0.6780585006874048], 1]
[[-0.17288107116466656, 1.8821018917634749], 1]
[[1.5916545163556126, 0.714654902703441], 1]
[[1.3653730615405282, 2.1171341894348683], 1]
[[-0.15496755005171037, 0.7979130047739781], 1]
[[1.0327384584167758, 0.41946909281340117], 1]
[[-0.5130466966940244, 0.5721931881901458], 1]
[[0.7398029454298118, -0.09919734154534077], 1]
[[-0.24177547288127277, 0.7710614279110583], 1]
[[0.3238971434498813, 0.8969055082613118], 1]
[[-0.5980632865224302, 1.5858700922173488], 1]
[[0.017985920905474906, 1.4860080733929606], 1]
[[1.39318181191252, 1.0147120343546117], 1]
[[0.3627446620756419, 1.0107651797657784], 1]
[[0.47243124328913055, -0.3303772783872334], 1]
[[1.3154707158271066, 0.2325656507841085], 1]
[[0.6795872753952923, 0.06513662993049307], 1]
[[-0.13889312133279852, 0.23379785134477998], 1]
[[0.5322149681262429, 1.2277591005158062], 1]
[[1.0616431452525128, 0.9117220014996639], 1]
[[1.3516050356612133, 1.3826983618669697], 1]
[[-0.1486414798773873, 0.9523045233458234], 1]
[[0.9465463709913908, 1.58588625713376], 1]
[[0.20599119622775108, 0.7298551333257862], 1]
[[-0.12427762568231926, 0.9083498037198546], 1]
[[0.7364233583343217, 1.582530326884093], 1]
[[2.089108938326655, 1.6334755687862725], 1]
[[1.250218381936961, 1.5111184793697992], 2]
[[1.1723119221256117, 1.4847812764997343], 2]
[[1.653147877784686, 1.2914513371975977], 2]
[[1.662470133720901, 1.7126123985600152], 2]
[[1.4379925138568226, 1.3980876161546396], 2]
[[1.2704913862883125, 1.5441842522022333], 2]
[[1.1817007328497842, 1.5525243375197408], 2]
[[1.587549245666989, 1.9868903425818012], 2]
[[1.0858592584212041, 1.693641010382421], 2]
[[1.49038259379068, 1.203336371691186], 2]
[[1.5357040543369196, 1.0773895431176779], 2]
[[0.9752941053969316, 1.8861200844094497], 2]
[[1.684122162930656, 1.211371247280557], 2]
[[1.173131661591203, 1.7717119705968292], 2]
[[0.7977932766719347, 1.124258493326057], 2]
[[1.5381179380110859, 1.2851137634412593], 2]
[[1.2541656161465713, 1.450924294540848], 2]
[[1.963090377878931, 1.1779314949175177], 2]
[[1.2391488131877173, 1.1662860135244633], 2]
[[1.26974067202057, 0.971265255703907], 2]
[[0.9378270305773121, 1.167630718701], 2]
[[1.3740618841276828, 1.0834576054779486], 2]
[[1.2898286689326195, 1.133455441893818], 2]
[[1.4737608776711266, 1.735841274722394], 2]
[[1.2024824610678668, 1.3998986474740467], 2]
[[1.0556612001903225, 1.6290838100583802], 2]
[[0.5753948427984997, 1.1718548326581073], 2]
[[1.7769813451856895, 1.4652465475637386], 2]
[[1.0427648675453303, 1.4965976891232011], 2]
[[1.31786618429619, 1.134888795993043], 2]
[[1.605240285980225, 1.3260502575996662], 2]
[[1.3442450065374445, 1.723758179768633], 2]
[[1.4253159908813635, 0.6377163381376244], 2]
[[1.355731476971724, 1.5508769047969748], 2]
[[0.9361799773382421, 1.3370169721429799], 2]
[[1.801671134767647, 1.6813516045206618], 2]
[[1.6453398576654346, 1.1007065791987753], 2]
[[1.3164672144575245, 1.1566662028260795], 2]
[[1.40653624967655, 1.1342346193796073], 2]
[[1.7525699297679456, 1.680431899708058], 2]
[[1.4002793628143992, 1.1267325915836663], 2]
[[1.3683936300561923, 0.9048205717747734], 2]
[[1.7899492888007673, 1.657020960125811], 2]
[[1.553410758941892, 1.244907030206395], 2]
[[1.2028376144976418, 1.007290806225035], 2]
[[1.580517739386184, 1.0031023952559797], 2]
[[1.2217527823912078, 2.00010471846906], 2]
[[1.3923926733762109, 1.1658704884219675], 2]
[[1.4943915525561142, 1.4180600395321834], 2]
[[1.7683886933231103, 1.3048585963150443], 2]
[[0.966248171761575, 1.3890668571292155], 2]
[[1.2188787017460463, 1.158973124244036], 2]
[[1.3748876716239191, 1.5085235479613055], 2]
[[1.8127694566924664, 1.2848883960176563], 2]
[[1.5253389793284138, 1.8985113820890573], 2]
[[1.289896238308392, 1.1566317375790938], 2]
[[1.3489888434245174, 0.8996856320866491], 2]
[[2.0604686245173958, 1.1616652678614765], 2]
[[1.3989258978711583, 1.4708785043520305], 2]
[[1.71101751227587, 1.3119603782673657], 2]
[[1.562435878662857, 1.2545123934639522], 2]
[[1.737033772368119, 1.5438104494512497], 2]
[[1.3119560188090182, 1.5352839145013344], 2]
[[1.209061925972091, 1.3946312497446267], 2]
[[1.4132707398175202, 1.232076372655793], 2]
[[1.729446623833613, 1.721666322323047], 2]
[[1.2289129194128203, 1.9665381390230319], 2]
[[1.3766481407637674, 1.222304223124619], 2]
[[1.3833366823716264, 1.4055174575825577], 2]
[[0.9245464959714083, 1.1959409376574457], 2]
[[1.2673916157889695, 1.4888507885964228], 2]
[[1.475933063603454, 1.5933883164962166], 2]
[[1.5274545053496973, 1.5950530677220887], 2]
[[1.7323981905867203, 1.5676887393971701], 2]
[[1.1259872294488924, 1.7222577781625634], 2]
[[1.3328877772480887, 1.4640899100903444], 2]
[[1.1349738750634515, 1.2606679311647226], 2]
[[1.015323086422496, 1.121154157391391], 2]
[[1.5677535829379345, 1.2391943321854844], 2]
[[1.6262577082049146, 1.2704016639580449], 2]
[[1.5448759914985764, 1.3271936303641125], 2]
[[1.2540270866631882, 0.9511177325525181], 2]
[[0.9833233819119738, 1.5823024379069064], 2]
[[1.088614265903478, 1.4151190137534293], 2]
[[1.666304163882272, 1.5224624943261837], 2]
[[1.0258993767053939, 1.117640803404011], 2]
[[1.660987713810526, 1.6523513410423571], 2]
[[1.5732461755123432, 1.6982404476242767], 2]
[[1.1095700991962978, 0.9324972699542812], 2]
[[1.1169122060872496, 1.1312296636182428], 2]
[[1.2925029577178213, 1.0297975740127883], 2]
[[1.2598389602005375, 1.819115159499263], 2]
[[1.3487549131347925, 1.5313722686384175], 2]
[[0.931843846228094, 1.293934122401912], 2]
[[1.591063801612941, 1.5833870112111983], 2]
[[1.2573142096401617, 1.1976996174073729], 2]
[[1.292352504886454, 1.3382895439627638], 2]
[[1.3715787146343368, 1.0208918459900753], 2]
[[1.2494355980968188, 1.3559480569970803], 2]
[[2.3274646991496577, 1.027341610467824], 2]
[[1.787690235666936, 1.3740801335731436], 2]
[[1.5641889888914404, 1.430243358576559], 2]
[[2.0104077357399657, 1.3345184833443642], 2]
[[1.7128730654208442, 1.1732601460606316], 2]
[[1.5526136116816267, 1.6778547782294337], 2]
[[1.3624140687439026, 1.625606864328588], 2]
[[1.4380662469685406, 1.5701500908918444], 2]
[[1.3239500462689255, 1.194817756782304], 2]
[[1.2167213036947873, 0.9265384349934069], 2]
[[1.2626553840896921, 2.297056114667545], 2]
[[1.198854341393341, 1.3638154166602396], 2]
[[1.276113198378645, 1.0360826948607122], 2]
[[1.2545629229204687, 1.1813613387894366], 2]
[[1.1884316897763396, 0.708117415083753], 2]
[[1.1744781851753674, 1.2043683915715775], 2]
[[2.0042478011422507, 1.494732295324315], 2]
[[1.5571182797269063, 1.1593975488658732], 2]
[[0.9205696521049944, 1.1293168379787728], 2]
[[1.174501483359799, 1.4282056335851891], 2]
[[1.682547417779027, 1.2420538861782124], 2]
[[1.660982104559388, 1.3531723997803593], 2]
[[1.217181069695322, 1.950390591616693], 2]
[[1.039464811493474, 1.2633508965521774], 2]
[[1.6139257941965268, 1.5736209995949648], 2]
[[1.2762720379824906, 1.2009619423055042], 2]
[[1.5033345207320363, 1.7923141752885798], 2]
[[1.0975215350585579, 1.3630758695945695], 2]
[[1.5356294362436704, 1.4971406822426092], 2]
[[1.0435593548531312, 1.5695806643322026], 2]
[[1.713936410081939, 1.6320298160928421], 2]
[[1.3816189362454812, 1.8603990849331558], 2]
[[1.5519731444483302, 1.4161953649568788], 2]
[[1.8296060932492124, 1.3181230159786945], 2]
[[1.3306123973333501, 1.8691144092182803], 2]
[[1.6891511735265838, 1.9039732531380835], 2]
[[1.063376057154557, 1.0256422992300425], 2]
[[1.4352898258332678, 1.629674563787188], 2]
[[1.4037690293334968, 1.5457759412316165], 2]
[[1.2769518290000024, 1.3006987822908145], 2]
[[1.2289560898967045, 1.3955106162670188], 2]
[[0.8324287505965388, 1.4357637505188219], 2]
[[1.3658710028445609, 1.4886893318092504], 2]
[[1.5104943780239077, 0.6868904155187375], 2]
[[0.6062336257346534, 1.0988092469339823], 2]
[[1.1791738087008403, 1.3749064278810534], 2]
[[1.9839425066531287, 1.518159069066052], 2]
[[1.4684322584015645, 1.0488428249304254], 2]
[[1.8259730046547884, 1.7403916216210145], 2]
[[1.618087544846003, 1.36751181523931], 2]
[[1.2328327426752042, 1.5892170539715147], 2]
[[1.579685120773041, 1.3597031172484717], 2]
[[1.2709173207307827, 1.1442352708397532], 2]
[[1.082551427519466, 1.4440630869132656], 2]
[[2.2043162608752422, 0.9383863342350854], 2]
[[1.693417105067444, 1.2406158823361466], 2]
[[1.4094752730952929, 1.5522728812546298], 2]
[[1.664785129233199, 2.2025751681468138], 2]
[[1.2915543692731382, 1.2532966007825066], 2]
[[1.1116031290418618, 1.2506980300868802], 2]
[[1.8627593855539442, 0.7942515959129036], 2]
[[1.4914925373777315, 1.4375958198341614], 2]
[[1.376054703797484, 1.7592436130992117], 2]
[[1.6824914701785874, 1.0028849854328983], 2]
[[1.8286811509101049, 1.544228638224586], 2]
[[1.158855046273577, 1.7361128477886423], 2]
[[1.4208401245277809, 1.1881314589811736], 2]
[[1.2291594234683552, 1.2831092096214431], 2]
[[1.2918644623239932, 1.2453823892736833], 2]
[[1.231041636263, 1.4419010616191956], 2]
[[1.1984971544433662, 1.5801597597476111], 2]
[[1.003543385799449, 1.5533411237634804], 2]
[[1.444400901048215, 2.176895292116585], 2]
[[1.5460257615017967, 0.852922695312291], 2]
[[1.4047998443305394, 1.6922376987156607], 2]
[[1.2462645135727988, 1.5525564667897156], 2]
[[1.228664195328784, 1.5700458353145261], 2]
[[1.9794734888909034, 1.8926738401657222], 2]
[[1.495261647679216, 0.9506262610289918], 2]
[[1.5333760347641794, 1.2039667966036267], 2]
[[1.2883616628000352, 1.1075088688601287], 2]
[[1.0189374909763182, 1.6170218372808556], 2]
[[1.4325097574649461, 1.423793726168233], 2]
[[1.5179796836096102, 1.4226138380189806], 2]
[[1.4867762527070318, 1.9489304010867783], 2]
[[1.4833741947346448, 1.3595003158961498], 2]
[[1.3777648497043709, 1.3833841634890678], 2]
[[1.11375666420626, 1.1833367311560652], 2]
[[1.5657140334419477, 1.848080118921655], 2]
[[1.3534623919057385, 1.8499069511606225], 2]
[[1.1025046689694964, 1.4231151706330656], 2]
[[1.713146399145204, 1.0675885661666458], 2]
[[1.7876395107763703, 1.8112534531610236], 2]
[[1.1368500579826628, 1.5774216559338807], 2]
[[1.191336936560326, 1.5913575095812031], 2]
[[0.8446205121675795, 1.23575163689917], 2]
[[1.4451135077091768, 1.6051304208141077], 2]
[[1.2664633855439886, 1.37558259469332], 2]
[[1.5863833585276352, 1.8063609503196028], 2]
[[1.8464247502138167, 1.6236298128596967], 2]
[[1.3771513299226548, 2.0447313215110516], 2]
[[2.2733920726779853, 1.9288320189286934], 2]
[[1.208412565899781, 0.949033339496883], 2]
[[1.2685621511872243, 1.7787458825677005], 2]
[[1.2730185136527943, 1.7547251546256102], 2]
[[1.1934336036647863, 1.1078753495905356], 2]
[[1.063965372782989, 1.4928722216564578], 2]
[[1.6920453636235713, 0.9599391558832311], 2]
[[1.4574640734917987, 1.5683020165346206], 2]
[[2.1679430798831563, 1.637226236746777], 2]
[[1.3937938518421435, 0.8535408897762912], 2]
[[0.8645787516057546, 1.176050285306555], 2]
[[1.3298483958706513, 1.5043509078990167], 2]
[[1.39659405579827, 0.8003132078397616], 2]
[[1.5744117019885446, 1.5058561223944131], 2]
[[1.420263407115856, 1.4431703972754086], 2]
[[1.4339502673635487, 1.2032576737626874], 2]
[[1.6241132951486168, 1.3930854030481703], 2]
[[1.716966025822254, 1.7149006898107466], 2]
[[0.7970055861909416, 1.3699561758124243], 2]
[[0.9988961474053627, 1.3530200735051918], 2]
[[1.9231876209824108, 1.1841478364532794], 2]
[[1.4813574713941535, 1.3708750187144811], 2]
[[1.1154656538170573, 1.297484104199716], 2]
[[1.6534253581787894, 1.40657952196948], 2]
[[1.661076391906041, 1.0821071475432427], 2]
[[1.6420068330833428, 1.471023464169232], 2]
[[1.092667498481163, 1.8241611127935167], 2]
[[1.0738451056344582, 1.417019155261853], 2]
[[0.9799112746936962, 1.7511109228905788], 2]
[[1.4882837792914279, 1.0992272380010901], 2]
[[1.081787479837665, 1.0398499274346], 2]
[[1.4549487918688946, 1.7164065206051484], 2]
[[1.2411051185716397, 0.9973419461708484], 2]
[[1.3266637683119973, 1.3820788953552328], 2]
[[1.3278804049813067, 1.1961294362519843], 2]
[[1.246463881388607, 0.9197622252853062], 2]
[[1.0653162529630942, 1.0705063828092551], 2]
[[1.7580353185950723, 1.086654180210818], 2]
[[1.1162107161109867, 1.6356740721364587], 2]
[[1.3296087214707528, 1.5909155451157853], 2]
[[1.3448801024449009, 1.4814838932903018], 2]
[[0.9182722766873483, 1.0991901446487926], 2]
[[1.0867037139012825, 1.1020330404820455], 2]
[[1.515767968922107, 1.2521556522567445], 2]
[[1.5975061880046522, 1.27323386882315], 2]
[[1.6468654584492506, 1.6406503372696672], 2]
[[1.633702463316246, 1.214226785574161], 2]
[[1.2546978118533867, 1.3218999505988343], 2]
[[1.2432202738569595, 1.1398834644962905], 2]
[[1.4921327387699985, 1.7336999462095393], 2]
[[1.3054089657336707, 0.9912420387015253], 2]
[[1.7093064754960745, 1.6607156181377711], 2]
[[1.0468448717284182, 0.6167657729018944], 2]
[[1.549613771398122, 0.8357573416202789], 2]
[[1.6843366384948504, 1.173190267899213], 2]
[[1.4237681890853329, 1.6367917132998109], 2]
[[1.1929431642677712, 1.3927630541440783], 2]
[[0.909949572980462, 1.509625189233198], 2]
[[1.3716257443925188, 0.8330579772329902], 2]
[[1.0454471169098425, 0.8278859664541698], 2]
[[1.7827863643090385, 1.2818592057102745], 2]
[[0.9917093895892464, 1.7019905907902044], 2]
[[1.5534490050288308, 1.575772223700442], 2]
[[1.0283700442258494, 1.4691700080879406], 2]
[[1.063349237208819, 1.6477094289278287], 2]
[[1.4297779464592542, 1.6389659801433913], 2]
[[1.65780416247234, 1.2512195424687707], 2]
[[1.4225478868372754, 1.7562645974241817], 2]
[[0.7685437357760462, 0.9841414589518218], 2]
[[1.1355731376133766, 1.3237137204146152], 2]
[[1.811317537197828, 1.7431869085256169], 2]
[[1.6186160791327382, 1.0984551471983761], 2]
[[1.1947172544791171, 1.3129797440546986], 2]
[[1.8562966160485344, 1.5178960525917058], 2]
[[1.51031161277613, 0.8227428429540238], 2]
[[0.6282512229176742, 2.0406115986063864], 2]
[[1.5692186752683372, 0.9370902781894699], 2]
[[1.0493353829519139, 1.353849135588574], 2]
[[1.5925583265293546, 1.6796356620261887], 2]
[[1.3769286199036106, 1.6217578466439524], 2]
[[1.3514916198496745, 1.2455588092272738], 2]
[[1.5542880530526384, 1.627125379885491], 2]
[[1.442166712998558, 1.164805428061286], 2]
[[1.2821679489745663, 1.5720524051377929], 2]
[[1.7151901126541744, 1.3978896244974566], 2]
[[1.9754705492202962, 1.6098677432946855], 2]
[[1.5376231345888136, 1.1457968704128203], 2]
[[1.6516204597032278, 1.824597914019456], 2]
[[1.7947820504978265, 0.8887506189643617], 2]
[[1.5824774889851256, 1.343762614896797], 2]
[[1.3867680876416424, 1.4175764824481438], 2]
[[1.3664659233265437, 0.7701472656533052], 2]
[[1.3828590113413706, 1.4088632011893687], 2]
[[0.9969366730613616, 1.4373601332010286], 2]
[[1.342968050486696, 2.141487290695166], 2]
[[1.3040276946375065, 1.6977923465442868], 2]
[[1.334157128773192, 0.9858855694894756], 2]
[[1.3195714812162664, 1.9848341300393644], 2]
[[0.9849093383779401, 1.857735278008148], 2]
[[1.6676749804168889, 1.2463621647344187], 2]
[[1.480642449212668, 1.3768836737795078], 2]
[[1.2834300252597006, 1.601045394671428], 2]
[[1.3986290383242967, 1.5482231626233767], 2]
[[1.7103478556369671, 1.2260564518806065], 2]
[[1.4483446045763526, 1.6550312319947595], 2]
[[1.2552868023219306, 1.0290171992624406], 2]
[[1.3594215158832397, 1.4049611682716168], 2]
[[2.0808379805165114, 1.6440448826767589], 2]
[[2.088378491128377, 1.5296504952525736], 2]
[[1.6068854420974097, 1.4383494368494745], 2]
[[0.8629674315124726, 1.4398598611781428], 2]
[[1.184157319313477, 1.3920591709897647], 2]
[[1.5734344346757871, 1.7138742046429685], 2]
[[1.5598812800697544, 1.5908820101612056], 2]
[[1.8559417501923627, 1.5569108465905641], 2]
[[1.7542795549054218, 1.5730471669301773], 2]
[[1.7360461312555906, 1.9452657095282273], 2]
[[1.1076103636384118, 1.1712906693611107], 2]
[[1.67754070920711, 1.11463241518196], 2]
[[1.5707553963519088, 1.773005139798864], 2]
[[1.4958726797025417, 0.4757959211984111], 2]
[[1.3737065623424387, 1.5621361643214136], 2]
[[1.8613348576920468, 1.3152284525153506], 2]
[[0.9080662618804857, 1.2295927946253746], 2]
[[0.8332677875513818, 1.193752970189196], 2]
[[1.2891804089516556, 1.3624452691105362], 2]
[[1.3352352910950085, 0.9088210826972396], 2]
[[0.9909092528364096, 1.4737256299997856], 2]
[[1.409668400930189, 0.8941151631419451], 2]
[[1.3342794282677182, 1.030814019516846], 2]
[[1.0942287317102997, 1.6444616564298313], 2]
[[1.981310127256934, 1.4300520808039152], 2]
[[1.16584631901036, 1.704598703884731], 2]
[[0.968400098997081, 1.3549869346496328], 2]
[[1.8378302966421238, 1.7833097831615743], 2]
[[1.3941539346616858, 1.5828993182307722], 2]
[[1.8929768737499277, 1.1780175928707994], 2]
[[1.8803355722214632, 1.539372369193885], 2]
[[0.8741643950589383, 1.6002006670859488], 2]
[[1.30284605488786, 1.38790167180288], 2]
[[1.3319495881012593, 1.7402173438549238], 2]
[[1.8375288048764318, 1.2859396893699568], 2]
[[2.0073554392439714, 1.9518232393295216], 2]
[[1.3861974677991709, 1.4975820775992836], 2]
[[1.2303829349289557, 1.1376077724771474], 2]
[[1.9167867927496678, 1.6989117452724363], 2]
[[1.044900538094788, 1.6917627698607893], 2]
[[1.3658138511662115, 1.6529373206694584], 2]
[[1.3522594314151568, 1.9491444723745426], 2]
[[1.1504140621712462, 0.8894233289201212], 2]
[[1.5036120452261508, 0.9553437858329175], 2]
[[1.100535736830889, 1.891637759814075], 2]
[[1.5799637373219042, 0.9593081985938998], 2]
[[1.4145746307661378, 1.2086581063014492], 2]
[[1.5184441464590925, 1.6259351556288961], 2]
[[1.0630536426895176, 1.5003289206574562], 2]
[[1.135852145220364, 1.4327227865292016], 2]
[[1.5334811724323185, 1.809023519117797], 2]
[[1.0214761267145451, 1.6039284874683732], 2]
[[1.6592259568429621, 1.0169420734790573], 2]
[[0.8430511158604991, 1.2679166729873388], 2]
[[1.328310072871734, 1.7859626915595572], 2]
[[1.31989026929521, 1.2819532571183012], 2]
[[1.1044845994580386, 1.108225527580943], 2]
[[1.2691866556405844, 1.470793012516372], 2]
[[1.390953216179204, 1.6106680937886193], 2]
[[1.5007181831274576, 1.1936294587425316], 2]
[[1.3816776211523254, 1.1153557728383086], 2]
[[1.4825862353926447, 1.202783199842602], 2]
[[1.2617311803792708, 1.031330344034213], 2]
[[1.854083769130873, 2.064985672925171], 2]
[[1.4048953814493956, 2.1133710413084517], 2]
[[1.576257643285206, 1.1538397951412793], 2]
[[1.5361174727910527, 1.1225519239763249], 2]
[[1.4463394853395124, 1.2450302309049472], 2]
[[1.6650742392087923, 1.8868166843514727], 2]
[[1.2793741975535329, 1.2010338582956823], 2]
[[1.4461566990268022, 1.4759825237753605], 2]
[[1.808419025077917, 2.228820554767932], 2]
[[1.3892820203236742, 1.9381840941532278], 2]
[[1.3333986997849876, 1.0451144753370645], 2]
[[1.0899043695158683, 1.5628498774790456], 2]
[[1.0778001220003859, 1.6994210890563741], 2]
[[1.3662554838921805, 1.2666812370557148], 2]
[[1.4913642768436444, 1.288622236197128], 2]
[[1.4739113493454064, 1.1616226697341023], 2]
[[1.6592486056581786, 1.1220706909567373], 2]
[[1.056983918726587, 1.2555235814213412], 2]
[[1.163080509054433, 0.6712370688090645], 2]
[[1.4645000752036945, 1.4645691861123813], 2]
[[1.0890197352250255, 1.4085458990936452], 2]
[[0.9732131849082748, 1.2498318319697224], 2]
[[1.431606141270754, 1.3399244761439169], 2]
[[1.1502877273482015, 1.8557856501755277], 2]
[[0.7635665892397933, 1.2954914452993305], 2]
[[1.3641760121715092, 1.0031086467765982], 2]
[[1.3119403365549693, 1.4786046066187108], 2]
[[1.974874303303722, 1.5268231498285854], 2]
[[0.891670011835121, 1.1977267283337134], 2]
[[1.8544331293286151, 1.8758723443850815], 2]
[[1.4693335345722938, 1.597098573484366], 2]
[[1.3714197610268033, 1.3169709593188204], 2]
[[1.4411463167294343, 1.3488115923128685], 2]
[[1.7763664392020881, 1.4293425025528281], 2]
[[1.74544428361566, 1.5165451381685282], 2]
[[1.2713897200815758, 0.601067224905342], 2]
[[0.8187603936366044, 1.0508511875243483], 2]
[[1.33240949732791, 1.511447402546965], 2]
[[1.101547097241037, 1.9496646404341882], 2]
[[1.4353074475326026, 1.144013205450083], 2]
[[1.3097642003754881, 0.887073888938884], 2]
[[1.754290755900097, 1.2798861682453564], 2]
[[1.104464473268051, 1.0914774810132721], 2]
[[1.3898314263141822, 1.3836377070125156], 2]
[[1.2487065542432694, 1.7332955803747467], 2]
[[1.4158313888675362, 2.078260190922783], 2]
[[1.1334045484215618, 1.0367891039845811], 2]
[[1.4167815685211829, 0.9880081498442438], 2]
[[1.233397942107803, 1.3400768824711735], 2]
[[1.9585292865007635, 0.8527259423905008], 2]
[[1.3978755208704114, 1.3152987148609572], 2]
[[1.7406712870407017, 1.2988978970201084], 2]
[[1.657281691093639, 1.8294468334126124], 2]
[[1.2533027913058952, 1.1437054619158873], 2]
[[1.224496135618609, 1.4814416527517107], 2]
[[1.5654742421226975, 0.7590010269170447], 2]
[[1.0123804469754156, 1.3810429461287428], 2]
[[1.3900506031600313, 1.1159121743230294], 2]
[[1.5835554665146407, 1.648474567002363], 2]
[[1.448428286573342, 1.3195110179009075], 2]
[[1.7429439105073792, 1.7578064797272492], 2]
[[1.2723423128256361, 1.6338662116048042], 2]
[[1.5126636111889742, 1.0556217090925724], 2]
[[2.0962211138506244, 1.4566055390552137], 2]
[[1.274807387376008, 1.1725404906186316], 2]
[[1.2397395854090085, 0.8864593555685261], 2]
[[1.3613278886158273, 1.5122496160720365], 2]
[[1.340410974394742, 1.5600841299135537], 2]
[[1.0672135286745992, 1.1001240286735996], 2]
[[1.0570002902266167, 1.4253277799553297], 2]
[[1.7359135307153533, 1.0372645493684374], 2]
[[1.404009224129267, 0.979558615801662], 2]
[[1.1026923360461027, 1.3121629630503984], 2]
[[1.4741335908203732, 1.3172417953693265], 2]
[[1.0533758519672323, 1.472555469563727], 2]
[[1.4839750691940892, 1.1062226056582536], 2]
[[1.395808584056179, 1.2812868231531547], 2]
[[1.5554373742192815, 1.4159278012782548], 2]
[[1.3298967997615376, 1.6125246381645773], 2]
[[1.5949940399611848, 1.1531144420466934], 2]
[[1.0065628550274761, 1.5378867342533067], 2]
[[1.5241829349918343, 1.1498728994297347], 2]
[[0.9814717204644323, 1.2337662769928242], 2]
[[1.2492038700888806, 2.0502795155707942], 2]
[[1.6098793810721437, 1.0177279669519375], 2]
[[0.9741884154033371, 1.8335876117854533], 2]
[[0.9927963379904692, 1.779258744627744], 2]
[[1.5144792608197284, 1.62240532375019], 2]
[[1.7544576305992752, 1.6322145640245818], 2]
[[1.6090698004597135, 1.6573363924518494], 2]
[[1.5639153372836052, 0.8675275654853474], 2]
[[1.2269260400383755, 2.0783771798342445], 2]
[[1.9058081010637862, 1.1247865840837394], 2]
[[1.4437014232107852, 1.693676460668398], 2]
[[0.6870730845468341, 1.4110535487344704], 2]
[[0.9398817313758152, 1.127321011553273], 2]
[[1.3413003448389975, 1.3929956415477087], 2]
[[1.5366752200395783, 1.2700281536003302], 2]
[[1.4553212984325279, 0.6856109697385292], 2]
[[1.4045834239003099, 1.4810508446578028], 2]
[[1.1581678821271753, 1.6910515086810565], 2]
[[1.1783947242240123, 0.9806751537869031], 2]
[[1.204271237026587, 1.6490437600479666], 2]
[[1.6198398523860034, 1.7613728791124124], 2]
[[1.7286567332769098, 1.2520087716349573], 2]
[[1.5049176629325522, 1.0636905827727603], 2]
[[1.5623003999035656, 1.216711152569008], 2]
[[1.266821500646616, 1.8289149673437566], 2]
[[1.3805807584402825, 2.1065990473453464], 2]
[[1.4395735692711829, 1.3258369120974833], 2]
[[1.4870939568041817, 1.9556902142384522], 2]
[[2.2806816282476583, 1.7387601213891641], 2]
[[1.4717995310039127, 1.4724901206180276], 2]
[[1.0091710855698472, 1.9124493127240132], 2]
[[1.36616068076754, 0.9619392623069415], 2]
[[1.204832477562285, 1.0974610090177765], 2]
[[1.8050960142730672, 1.3231324636885928], 2]
[[1.5819177899889512, 1.7292684681963237], 2]
[[1.5792224180940655, 1.713506931534548], 2]
[[1.1017881468668902, 1.6840520497863458], 2]
[[1.0606068158614959, 1.6587704628030122], 2]
[[1.2756578188907204, 1.8754405627031994], 2]
[[1.188010980790822, 1.7600981410924472], 2]
[[1.187401070053714, 1.4417404380823986], 2]
[[1.0559380489429906, 1.3729715276649381], 2]
[[1.1524244449372232, 1.5262205273766325], 2]
[[1.3264603309987295, 1.5158452143132268], 2]
[[1.9330656421052919, 1.343138306917655], 2]
[[1.2553968951645509, 1.1377841171740408], 2]
[[1.2420942971800568, 1.8418315349862133], 2]
